TEFF   9650.  GRAVITY 4.05000 LTE 
TITLE  [0.0] VTURB=0  NEW ODF HD72660 start at -5.875 to calculate He I lines   
 OPACITY IFOP 1 1 1 1 1 1 1 1 1 1 1 1 1 0 1 0 0 0 0 0
 CONVECTION OFF  1.00 TURBULENCE OFF  0.00  0.00  0.00  0.00
ABUNDANCE SCALE   1.00000 ABUNDANCE CHANGE 1 0.92040 2 0.07834
 ABUNDANCE CHANGE  3 -10.94  4 -10.64  5  -9.49  6  -3.52  7  -4.12  8  -3.21
 ABUNDANCE CHANGE  9  -7.48 10  -3.96 11  -5.71 12  -4.46 13  -5.57 14  -4.49
 ABUNDANCE CHANGE 15  -6.59 16  -4.71 17  -6.54 18  -5.64 19  -6.92 20  -5.68
 ABUNDANCE CHANGE 21  -8.87 22  -7.02 23  -8.04 24  -6.37 25  -6.65 26  -4.54
 ABUNDANCE CHANGE 27  -7.12 28  -5.79 29  -7.83 30  -7.44 31  -9.16 32  -8.63
 ABUNDANCE CHANGE 33  -9.67 34  -8.63 35  -9.41 36  -8.73 37  -9.44 38  -9.07
 ABUNDANCE CHANGE 39  -9.80 40  -9.44 41 -10.62 42 -10.12 43 -20.00 44 -10.20
 ABUNDANCE CHANGE 45 -10.92 46 -10.35 47 -11.10 48 -10.27 49 -10.38 50 -10.04
 ABUNDANCE CHANGE 51 -11.04 52  -9.80 53 -10.53 54  -9.87 55 -10.91 56  -9.91
 ABUNDANCE CHANGE 57 -10.87 58 -10.46 59 -11.33 60 -10.54 61 -20.00 62 -11.03
 ABUNDANCE CHANGE 63 -11.53 64 -10.92 65 -11.69 66 -10.90 67 -11.78 68 -11.11
 ABUNDANCE CHANGE 69 -12.04 70 -10.96 71 -11.98 72 -11.16 73 -12.17 74 -10.93
 ABUNDANCE CHANGE 75 -11.76 76 -10.59 77 -10.69 78 -10.24 79 -11.03 80 -10.91
 ABUNDANCE CHANGE 81 -11.14 82 -10.09 83 -11.33 84 -20.00 85 -20.00 86 -20.00
 ABUNDANCE CHANGE 87 -20.00 88 -20.00 89 -20.00 90 -11.95 91 -20.00 92 -12.54
 ABUNDANCE CHANGE 93 -20.00 94 -20.00 95 -20.00 96 -20.00 97 -20.00 98 -20.00
 ABUNDANCE CHANGE 99 -20.00
READ DECK6 72 RHOX,T,P,XNE,ABROSS,ACCRAD,VTURB, FLXCNV,VCONV,VELSND
 2.12942885E-05   6107.2 2.385E-01 3.635E+10 6.262E-02 1.927E+01 2.000E+05 0.000E+00 0.000E+00 0.000E+00
 2.84229368E-05   6151.5 3.184E-01 4.647E+10 6.216E-02 1.898E+01 2.000E+05 0.000E+00 0.000E+00 0.000E+00
 3.79849009E-05   6196.2 4.255E-01 5.942E+10 6.190E-02 1.847E+01 2.000E+05 0.000E+00 0.000E+00 0.000E+00
 5.06918183E-05   6245.8 5.678E-01 7.645E+10 6.259E-02 1.791E+01 2.000E+05 0.000E+00 0.000E+00 0.000E+00
 6.73445886E-05   6298.5 7.544E-01 9.850E+10 6.412E-02 1.734E+01 2.000E+05 0.000E+00 0.000E+00 0.000E+00
 8.89116581E-05   6352.4 9.960E-01 1.265E+11 6.631E-02 1.678E+01 2.000E+05 0.000E+00 0.000E+00 0.000E+00
 1.16620006E-04   6406.4 1.306E+00 1.617E+11 6.905E-02 1.624E+01 2.000E+05 0.000E+00 0.000E+00 0.000E+00
 1.52001840E-04   6459.5 1.703E+00 2.052E+11 7.228E-02 1.579E+01 2.000E+05 0.000E+00 0.000E+00 0.000E+00
 1.96973379E-04   6511.3 2.207E+00 2.587E+11 7.599E-02 1.544E+01 2.000E+05 0.000E+00 0.000E+00 0.000E+00
 2.53863253E-04   6562.3 2.844E+00 3.243E+11 8.031E-02 1.521E+01 2.000E+05 0.000E+00 0.000E+00 0.000E+00
 3.25431651E-04   6612.9 3.646E+00 4.044E+11 8.540E-02 1.510E+01 2.000E+05 0.000E+00 0.000E+00 0.000E+00
 4.14780663E-04   6664.3 4.647E+00 5.027E+11 9.161E-02 1.508E+01 2.000E+05 0.000E+00 0.000E+00 0.000E+00
 5.25346908E-04   6716.6 5.886E+00 6.228E+11 9.915E-02 1.513E+01 2.000E+05 0.000E+00 0.000E+00 0.000E+00
 6.60932673E-04   6770.0 7.405E+00 7.690E+11 1.083E-01 1.524E+01 2.000E+05 0.000E+00 0.000E+00 0.000E+00
 8.25737977E-04   6824.6 9.252E+00 9.462E+11 1.193E-01 1.542E+01 2.000E+05 0.000E+00 0.000E+00 0.000E+00
 1.02443716E-03   6880.2 1.148E+01 1.160E+12 1.324E-01 1.564E+01 2.000E+05 0.000E+00 0.000E+00 0.000E+00
 1.26228596E-03   6936.8 1.414E+01 1.417E+12 1.480E-01 1.590E+01 2.000E+05 0.000E+00 0.000E+00 0.000E+00
 1.54551550E-03   6993.3 1.732E+01 1.722E+12 1.660E-01 1.619E+01 2.000E+05 0.000E+00 0.000E+00 0.000E+00
 1.88169576E-03   7049.6 2.108E+01 2.083E+12 1.867E-01 1.652E+01 2.000E+05 0.000E+00 0.000E+00 0.000E+00
 2.27992939E-03   7105.0 2.554E+01 2.507E+12 2.103E-01 1.689E+01 2.000E+05 0.000E+00 0.000E+00 0.000E+00
 2.75141525E-03   7159.3 3.083E+01 3.002E+12 2.369E-01 1.733E+01 2.000E+05 0.000E+00 0.000E+00 0.000E+00
 3.30961542E-03   7212.6 3.708E+01 3.579E+12 2.668E-01 1.787E+01 2.000E+05 0.000E+00 0.000E+00 0.000E+00
 3.97042371E-03   7265.1 4.448E+01 4.252E+12 3.006E-01 1.849E+01 2.000E+05 0.000E+00 0.000E+00 0.000E+00
 4.75277823E-03   7316.7 5.325E+01 5.034E+12 3.385E-01 1.920E+01 2.000E+05 0.000E+00 0.000E+00 0.000E+00
 5.67890552E-03   7367.9 6.362E+01 5.945E+12 3.814E-01 2.000E+01 2.000E+05 0.000E+00 0.000E+00 0.000E+00
 6.77510209E-03   7418.5 7.590E+01 7.003E+12 4.297E-01 2.090E+01 2.000E+05 0.000E+00 0.000E+00 0.000E+00
 8.07294502E-03   7468.5 9.043E+01 8.229E+12 4.839E-01 2.192E+01 2.000E+05 0.000E+00 0.000E+00 0.000E+00
 9.60968975E-03   7518.2 1.076E+02 9.654E+12 5.450E-01 2.309E+01 2.000E+05 0.000E+00 0.000E+00 0.000E+00
 1.14292930E-02   7567.8 1.280E+02 1.131E+13 6.138E-01 2.443E+01 2.000E+05 0.000E+00 0.000E+00 0.000E+00
 1.35829264E-02   7617.7 1.521E+02 1.323E+13 6.919E-01 2.598E+01 2.000E+05 0.000E+00 0.000E+00 0.000E+00
 1.61290090E-02   7668.2 1.806E+02 1.548E+13 7.811E-01 2.777E+01 2.000E+05 0.000E+00 0.000E+00 0.000E+00
 1.91321767E-02   7720.5 2.142E+02 1.812E+13 8.845E-01 2.990E+01 2.000E+05 0.000E+00 0.000E+00 0.000E+00
 2.26595069E-02   7775.7 2.537E+02 2.125E+13 1.007E+00 3.246E+01 2.000E+05 0.000E+00 0.000E+00 0.000E+00
 2.67784745E-02   7835.2 2.998E+02 2.499E+13 1.154E+00 3.557E+01 2.000E+05 0.000E+00 0.000E+00 0.000E+00
 3.15466230E-02   7901.4 3.531E+02 2.953E+13 1.336E+00 3.942E+01 2.000E+05 0.000E+00 0.000E+00 0.000E+00
 3.70058071E-02   7975.4 4.141E+02 3.508E+13 1.565E+00 4.423E+01 2.000E+05 0.000E+00 0.000E+00 0.000E+00
 4.31802585E-02   8058.8 4.831E+02 4.191E+13 1.858E+00 5.031E+01 2.000E+05 0.000E+00 0.000E+00 0.000E+00
 5.00649851E-02   8153.9 5.600E+02 5.041E+13 2.239E+00 5.814E+01 2.000E+05 0.000E+00 0.000E+00 0.000E+00
 5.76105231E-02   8264.0 6.442E+02 6.114E+13 2.750E+00 6.835E+01 2.000E+05 0.000E+00 0.000E+00 0.000E+00
 6.57259368E-02   8390.4 7.346E+02 7.470E+13 3.442E+00 8.192E+01 2.000E+05 0.000E+00 0.000E+00 0.000E+00
 7.42791783E-02   8537.1 8.298E+02 9.202E+13 4.403E+00 1.004E+02 2.000E+05 0.000E+00 0.000E+00 0.000E+00
 8.30974172E-02   8707.5 9.278E+02 1.142E+14 5.757E+00 1.258E+02 2.000E+05 0.000E+00 0.000E+00 0.000E+00
 9.19996651E-02   8907.7 1.026E+03 1.428E+14 7.676E+00 1.602E+02 2.000E+05 0.000E+00 0.000E+00 0.000E+00
 1.00838267E-01   9138.8 1.124E+03 1.789E+14 1.037E+01 2.070E+02 2.000E+05 0.000E+00 0.000E+00 0.000E+00
 1.09533794E-01   9406.8 1.219E+03 2.234E+14 1.406E+01 2.692E+02 2.000E+05 0.000E+00 0.000E+00 0.000E+00
 1.18142674E-01   9716.3 1.313E+03 2.759E+14 1.873E+01 3.445E+02 2.000E+05 0.000E+00 0.000E+00 0.000E+00
 1.26922297E-01  10072.1 1.409E+03 3.340E+14 2.400E+01 4.274E+02 2.000E+05 0.000E+00 0.000E+00 0.000E+00
 1.36407178E-01  10480.5 1.511E+03 3.927E+14 2.848E+01 4.922E+02 2.000E+05 0.000E+00 0.000E+00 0.000E+00
 1.47526900E-01  10945.6 1.630E+03 4.473E+14 3.107E+01 5.284E+02 2.000E+05 0.000E+00 0.000E+00 0.000E+00
 1.61843292E-01  11480.9 1.783E+03 4.975E+14 3.074E+01 5.179E+02 2.000E+05 0.000E+00 0.000E+00 0.000E+00
 1.81988670E-01  12088.6 1.999E+03 5.497E+14 2.814E+01 4.716E+02 2.000E+05 0.000E+00 0.000E+00 0.000E+00
 2.11927589E-01  12778.5 2.321E+03 6.161E+14 2.483E+01 4.173E+02 2.000E+05 0.000E+00 0.000E+00 0.000E+00
 2.57677091E-01  13555.3 2.817E+03 7.122E+14 2.156E+01 3.617E+02 2.000E+05 0.000E+00 0.000E+00 0.000E+00
 3.27286530E-01  14418.6 3.574E+03 8.550E+14 1.912E+01 3.200E+02 2.000E+05 0.000E+00 0.000E+00 0.000E+00
 4.30331086E-01  15367.5 4.699E+03 1.061E+15 1.749E+01 2.903E+02 2.000E+05 0.000E+00 0.000E+00 0.000E+00
 5.77406271E-01  16397.1 6.308E+03 1.347E+15 1.663E+01 2.741E+02 2.000E+05 0.000E+00 0.000E+00 0.000E+00
 7.81363383E-01  17520.3 8.542E+03 1.724E+15 1.615E+01 2.648E+02 2.000E+05 0.000E+00 0.000E+00 0.000E+00
 1.05850433E+00  18738.2 1.158E+04 2.205E+15 1.597E+01 2.608E+02 2.000E+05 0.000E+00 0.000E+00 0.000E+00
 1.43170569E+00  20059.0 1.567E+04 2.804E+15 1.584E+01 2.589E+02 2.000E+05 0.000E+00 0.000E+00 0.000E+00
 1.92720672E+00  21502.5 2.110E+04 3.533E+15 1.608E+01 2.599E+02 2.000E+05 0.000E+00 0.000E+00 0.000E+00
 2.58537423E+00  23032.6 2.831E+04 4.431E+15 1.598E+01 2.607E+02 2.000E+05 0.000E+00 0.000E+00 0.000E+00
 3.46290156E+00  24774.7 3.793E+04 5.524E+15 1.612E+01 2.594E+02 2.000E+05 0.000E+00 0.000E+00 0.000E+00
 4.60030537E+00  26466.9 5.038E+04 6.869E+15 1.687E+01 2.732E+02 2.000E+05 0.000E+00 0.000E+00 0.000E+00
 6.06916825E+00  28651.3 6.648E+04 8.376E+15 1.716E+01 2.704E+02 2.000E+05 0.000E+00 0.000E+00 0.000E+00
 7.93076700E+00  30421.7 8.681E+04 1.030E+16 1.871E+01 2.999E+02 2.000E+05 0.000E+00 0.000E+00 0.000E+00
 1.02741397E+01  33327.3 1.124E+05 1.218E+16 1.922E+01 2.929E+02 2.000E+05 0.000E+00 0.000E+00 0.000E+00
 1.31598035E+01  35041.1 1.439E+05 1.483E+16 2.192E+01 3.428E+02 2.000E+05 0.000E+00 0.000E+00 0.000E+00
 1.67523024E+01  39198.8 1.831E+05 1.694E+16 2.246E+01 9.576E+01 2.000E+05 0.000E+00 0.000E+00 0.000E+00
 2.10466184E+01  39234.9 2.301E+05 2.123E+16 2.765E+01 2.192E+00 2.000E+05 0.000E+00 0.000E+00 0.000E+00
 2.55840860E+01  39235.9 2.818E+05 2.600E+16 3.343E+01 1.388E-01 2.000E+05 0.000E+00 0.000E+00 0.000E+00
 3.07322566E+01  39237.1 3.392E+05 3.127E+16 3.993E+01 1.265E-01 2.000E+05 0.000E+00 0.000E+00 0.000E+00
 3.64240445E+01  39238.1 4.035E+05 3.718E+16 4.742E+01 1.173E-01 2.000E+05 0.000E+00 0.000E+00 0.000E+00
PRADK 1.1652E+01
BEGIN                    ITERATION  15 COMPLETED
